row=1:
5.6482954025268555::3.3183209896087646::3.421893835067749::3.412175416946411::3.8433666229248047::
3.3183209896087646::5.508932113647461::1.8585047721862793::3.6464197635650635::3.4842185974121094::
3.421893835067749::1.8585047721862793::4.046024322509766::1.2967875003814697::4.7499918937683105::
3.412175416946411::3.6464197635650635::1.2967875003814697::4.3250861167907715::1.926805019378662::
3.8433666229248047::3.4842185974121094::4.7499918937683105::1.926805019378662::10.397781372070312::
row=2:
13.48529052734375::5.198234558105469::4.698147296905518::6.315208435058594::4.080704689025879::
5.198234558105469::6.127737522125244::0.7162199020385742::4.246750354766846::2.2844104766845703::
4.698147296905518::0.7162199020385742::4.590793609619141::1.7311677932739258::3.319805145263672::
6.315208435058594::4.246750354766846::1.7311677932739258::6.147286415100098::3.7400472164154053::
4.080704689025879::2.2844104766845703::3.319805145263672::3.7400472164154053::6.519739627838135::
row=3:
5.8967437744140625::3.217536687850952::2.8325695991516113::1.852966547012329::1.7203365564346313::
3.217536687850952::5.382482528686523::2.279475688934326::2.7360105514526367::3.2495532035827637::
2.8325695991516113::2.279475688934326::1.6242648363113403::1.1522046327590942::1.4784091711044312::
1.852966547012329::2.7360105514526367::1.1522046327590942::2.7294559478759766::2.455009937286377::
1.7203365564346313::3.2495532035827637::1.4784091711044312::2.455009937286377::3.455509662628174::
row=4:
11.119059562683105::5.665046691894531::4.777301788330078::1.3801417350769043::3.2036008834838867::
5.665046691894531::3.2053139209747314::2.4115424156188965::0.4598478674888611::1.8836959600448608::
4.777301788330078::2.4115424156188965::2.1916043758392334::0.6501793265342712::1.2315469980239868::
1.3801417350769043::0.4598478674888611::0.6501793265342712::0.40188634395599365::0.1833566427230835::
3.2036008834838867::1.8836959600448608::1.2315469980239868::0.1833566427230835::1.2556830644607544::
row=5:
7.510346412658691::3.9480841159820557::4.700891494750977::3.921147108078003::4.256950855255127::
3.9480841159820557::5.787999153137207::3.0634536743164062::2.4334163665771484::2.682893991470337::
4.700891494750977::3.0634536743164062::5.899712085723877::3.506408214569092::7.291079998016357::
3.921147108078003::2.4334163665771484::3.506408214569092::6.233702659606934::5.558736801147461::
4.256950855255127::2.682893991470337::7.291079998016357::5.558736801147461::13.80235481262207::
row=6:
12.667533874511719::7.476279258728027::6.052827835083008::9.128448486328125::3.461965799331665::
7.476279258728027::6.106244087219238::3.916260242462158::5.750803470611572::3.313105583190918::
6.052827835083008::3.916260242462158::5.472162246704102::3.777600049972534::1.4637947082519531::
9.128448486328125::5.750803470611572::3.777600049972534::9.622427940368652::2.291170597076416::
3.461965799331665::3.313105583190918::1.4637947082519531::2.291170597076416::3.523729085922241::
row=7:
8.400228500366211::3.3468375205993652::1.9600069522857666::2.353480100631714::3.9005744457244873::
3.3468375205993652::3.2640390396118164::1.3345736265182495::0.5411255359649658::2.6481075286865234::
1.9600069522857666::1.3345736265182495::1.7028043270111084::0.10824815928936005::2.06656551361084::
2.353480100631714::0.5411255359649658::0.10824815928936005::1.0962202548980713::0.900577187538147::
3.9005744457244873::2.6481075286865234::2.06656551361084::0.900577187538147::3.408341884613037::
row=8:
13.457352638244629::7.577849388122559::6.209835052490234::5.705911636352539::2.7046561241149902::
7.577849388122559::5.297085285186768::3.659911632537842::3.318270683288574::2.5844955444335938::
6.209835052490234::3.659911632537842::5.374905109405518::3.576443672180176::2.7750351428985596::
5.705911636352539::3.318270683288574::3.576443672180176::4.578308582305908::2.5959324836730957::
2.7046561241149902::2.5844955444335938::2.7750351428985596::2.5959324836730957::5.7093987464904785::
row=9:
11.578363418579102::4.5009894371032715::5.441447734832764::6.367978572845459::3.654038190841675::
4.5009894371032715::3.3251616954803467::1.5497009754180908::2.65234637260437::1.2086464166641235::
5.441447734832764::1.5497009754180908::6.678346157073975::4.563438892364502::4.835050106048584::
6.367978572845459::2.65234637260437::4.563438892364502::6.662406921386719::5.483162879943848::
3.654038190841675::1.2086464166641235::4.835050106048584::5.483162879943848::9.573512077331543::
row=10:
12.626051902770996::5.766672611236572::5.022462844848633::3.838489294052124::3.929737091064453::
5.766672611236572::3.7490363121032715::2.073793649673462::2.2187721729278564::1.9455070495605469::
5.022462844848633::2.073793649673462::2.9499032497406006::2.313544511795044::3.0347249507904053::
3.838489294052124::2.2187721729278564::2.313544511795044::3.1550488471984863::3.3359720706939697::
3.929737091064453::1.9455070495605469::3.0347249507904053::3.3359720706939697::6.096765995025635::
row=11:
4.845163822174072::4.045673370361328::1.881382703781128::0.3916289806365967::2.7281320095062256::
4.045673370361328::4.99851655960083::1.1864664554595947::0.10545028001070023::2.632077217102051::
1.881382703781128::1.1864664554595947::2.3012237548828125::0.7904288172721863::2.97975754737854::
0.3916289806365967::0.10545028001070023::0.7904288172721863::0.3481834828853607::1.0604292154312134::
2.7281320095062256::2.632077217102051::2.97975754737854::1.0604292154312134::4.494307994842529::
row=12:
15.106799125671387::9.318111419677734::4.315271377563477::7.064134120941162::6.46673059463501::
9.318111419677734::7.829324245452881::2.1898555755615234::4.319446086883545::3.123042345046997::
4.315271377563477::2.1898555755615234::1.898952603340149::1.125826358795166::1.7755144834518433::
7.064134120941162::4.319446086883545::1.125826358795166::6.256820201873779::3.524582624435425::
6.46673059463501::3.123042345046997::1.7755144834518433::3.524582624435425::3.6712863445281982::
row=13:
5.8217267990112305::4.830596446990967::3.4279770851135254::1.7714687585830688::2.1548290252685547::
4.830596446990967::4.380499839782715::2.7664449214935303::1.0099210739135742::1.264864206314087::
3.4279770851135254::2.7664449214935303::2.861793041229248::1.1590027809143066::1.8465858697891235::
1.7714687585830688::1.0099210739135742::1.1590027809143066::1.910916805267334::1.7441476583480835::
2.1548290252685547::1.264864206314087::1.8465858697891235::1.7441476583480835::3.5963354110717773::
row=14:
11.507277488708496::7.894437789916992::6.19659423828125::5.0427565574646::4.244631767272949::
7.894437789916992::10.046948432922363::3.2081212997436523::3.5629124641418457::6.106054306030273::
6.19659423828125::3.2081212997436523::5.195506572723389::2.8630900382995605::2.1109447479248047::
5.0427565574646::3.5629124641418457::2.8630900382995605::4.003419876098633::2.406139850616455::
4.244631767272949::6.106054306030273::2.1109447479248047::2.406139850616455::4.4952778816223145::
row=15:
13.40916633605957::8.308137893676758::7.010266304016113::6.920723915100098::3.453697681427002::
8.308137893676758::6.45316219329834::4.053887367248535::4.244067192077637::2.394399404525757::
7.010266304016113::4.053887367248535::5.329885005950928::4.480197906494141::2.4922032356262207::
6.920723915100098::4.244067192077637::4.480197906494141::6.475577354431152::2.440704345703125::
3.453697681427002::2.394399404525757::2.4922032356262207::2.440704345703125::4.96135950088501::
row=16:
12.522109985351562::9.27020263671875::5.60481595993042::5.73591423034668::4.687495708465576::
9.27020263671875::7.929255962371826::3.408705472946167::5.507620334625244::3.7889389991760254::
5.60481595993042::3.408705472946167::4.49726676940918::2.7584424018859863::2.58158540725708::
5.73591423034668::5.507620334625244::2.7584424018859863::9.295781135559082::1.7926409244537354::
4.687495708465576::3.7889389991760254::2.58158540725708::1.7926409244537354::3.7284035682678223::
row=17:
11.267866134643555::5.354433536529541::3.1875100135803223::2.2558603286743164::4.007149696350098::
5.354433536529541::3.855567455291748::1.3249475955963135::1.2553026676177979::1.482692003250122::
3.1875100135803223::1.3249475955963135::0.975225567817688::0.4541008174419403::1.3060942888259888::
2.2558603286743164::1.2553026676177979::0.4541008174419403::1.0772682428359985::0.22767631709575653::
4.007149696350098::1.482692003250122::1.3060942888259888::0.22767631709575653::2.1949610710144043::
row=18:
17.116668701171875::7.724090099334717::6.430023193359375::4.04756498336792::4.687703609466553::
7.724090099334717::6.473043441772461::3.450401782989502::3.1083762645721436::2.2148866653442383::
6.430023193359375::3.450401782989502::4.265741348266602::1.2684035301208496::2.7887468338012695::
4.04756498336792::3.1083762645721436::1.2684035301208496::3.398265838623047::2.2227299213409424::
4.687703609466553::2.2148866653442383::2.7887468338012695::2.2227299213409424::4.831313610076904::
row=19:
6.661316871643066::4.326255798339844::2.993156671524048::3.972640037536621::1.4608858823776245::
4.326255798339844::3.5812301635742188::1.523073673248291::2.9962778091430664::0.9079257845878601::
2.993156671524048::1.523073673248291::3.291055679321289::1.4359612464904785::1.7262370586395264::
3.972640037536621::2.9962778091430664::1.4359612464904785::3.4386582374572754::0.8231842517852783::
1.4608858823776245::0.9079257845878601::1.7262370586395264::0.8231842517852783::1.627238392829895::
row=20:
11.319792747497559::5.334135055541992::5.717086315155029::3.2171971797943115::2.051177740097046::
5.334135055541992::3.5384461879730225::3.0021557807922363::0.9968684315681458::0.8057429194450378::
5.717086315155029::3.0021557807922363::3.750505208969116::1.5974998474121094::1.8076956272125244::
3.2171971797943115::0.9968684315681458::1.5974998474121094::1.7550108432769775::0.6994457244873047::
2.051177740097046::0.8057429194450378::1.8076956272125244::0.6994457244873047::1.4319183826446533::
row=21:
10.957709312438965::7.0887346267700195::4.984109401702881::1.364687442779541::2.6563613414764404::
7.0887346267700195::5.706278324127197::3.4882874488830566::1.882453203201294::2.0035974979400635::
4.984109401702881::3.4882874488830566::3.499483585357666::0.5318921208381653::1.9565099477767944::
1.364687442779541::1.882453203201294::0.5318921208381653::1.774837851524353::0.802329421043396::
2.6563613414764404::2.0035974979400635::1.9565099477767944::0.802329421043396::2.39719820022583::
row=22:
9.128643035888672::4.655770301818848::2.908330202102661::2.0794003009796143::3.420569896697998::
4.655770301818848::4.085190773010254::1.7820736169815063::0.7873805165290833::2.7992982864379883::
2.908330202102661::1.7820736169815063::1.288849115371704::0.4539886713027954::1.3719079494476318::
2.0794003009796143::0.7873805165290833::0.4539886713027954::0.7615343332290649::0.7568690776824951::
3.420569896697998::2.7992982864379883::1.3719079494476318::0.7568690776824951::2.5923361778259277::
row=23:
10.762199401855469::5.795428276062012::5.260627269744873::2.48884654045105::4.398987293243408::
5.795428276062012::4.140111446380615::3.217167854309082::1.0674864053726196::2.004953384399414::
5.260627269744873::3.217167854309082::4.154118537902832::2.602184772491455::3.2583611011505127::
2.48884654045105::1.0674864053726196::2.602184772491455::4.818824768066406::4.0259809494018555::
4.398987293243408::2.004953384399414::3.2583611011505127::4.0259809494018555::5.301773548126221::
row=24:
24.134450912475586::11.147357940673828::11.033522605895996::3.990450859069824::3.1914639472961426::
11.147357940673828::8.41203784942627::5.496168613433838::1.5242092609405518::2.859354257583618::
11.033522605895996::5.496168613433838::6.4329071044921875::2.366405963897705::1.156101107597351::
3.990450859069824::1.5242092609405518::2.366405963897705::1.457728385925293::0.00047674760571680963::
3.1914639472961426::2.859354257583618::1.156101107597351::0.00047674760571680963::1.9709739685058594::
row=25:
7.656905174255371::1.9191209077835083::5.582747459411621::4.524787902832031::4.2816548347473145::
1.9191209077835083::2.5512757301330566::1.1404492855072021::2.187678575515747::2.204279661178589::
5.582747459411621::1.1404492855072021::5.659271717071533::2.915036916732788::4.925906181335449::
4.524787902832031::2.187678575515747::2.915036916732788::4.163046360015869::2.7577075958251953::
4.2816548347473145::2.204279661178589::4.925906181335449::2.7577075958251953::8.061055183410645::
row=26:
11.356176376342773::5.573742389678955::5.293026924133301::3.232912540435791::3.4192216396331787::
5.573742389678955::4.301723957061768::4.117981910705566::1.50087571144104::2.1903343200683594::
5.293026924133301::4.117981910705566::4.946567535400391::2.4030628204345703::3.0965774059295654::
3.232912540435791::1.50087571144104::2.4030628204345703::2.8691792488098145::3.2611498832702637::
3.4192216396331787::2.1903343200683594::3.0965774059295654::3.2611498832702637::4.750749111175537::
row=27:
9.649797439575195::5.63380765914917::7.232433795928955::2.428524971008301::1.8378512859344482::
5.63380765914917::4.82736873626709::3.817473888397217::1.9879721403121948::1.2162846326828003::
7.232433795928955::3.817473888397217::6.249105453491211::2.256502866744995::1.301174283027649::
2.428524971008301::1.9879721403121948::2.256502866744995::2.5145106315612793::1.2086000442504883::
1.8378512859344482::1.2162846326828003::1.301174283027649::1.2086000442504883::1.0424230098724365::
row=28:
8.46458625793457::4.103698253631592::3.7133991718292236::1.9983911514282227::5.33873987197876::
4.103698253631592::4.186285018920898::2.2061562538146973::1.1847895383834839::4.013959884643555::
3.7133991718292236::2.2061562538146973::2.8757543563842773::1.576987862586975::4.711301326751709::
1.9983911514282227::1.1847895383834839::1.576987862586975::2.1808929443359375::3.927854537963867::
5.33873987197876::4.013959884643555::4.711301326751709::3.927854537963867::11.57710075378418::
row=29:
6.425146102905273::5.149257659912109::3.798262119293213::2.2893431186676025::4.038270950317383::
5.149257659912109::4.8836212158203125::2.7699408531188965::2.065556526184082::3.3074240684509277::
3.798262119293213::2.7699408531188965::3.4702494144439697::1.8184349536895752::2.886364459991455::
2.2893431186676025::2.065556526184082::1.8184349536895752::2.2874608039855957::2.280093193054199::
4.038270950317383::3.3074240684509277::2.886364459991455::2.280093193054199::4.0892157554626465::
row=30:
11.371609687805176::6.655854225158691::5.175518989562988::3.2355690002441406::1.6891118288040161::
6.655854225158691::4.161365985870361::2.6781256198883057::1.934556245803833::1.0482536554336548::
5.175518989562988::2.6781256198883057::2.889486789703369::1.35283362865448::0.6497883796691895::
3.2355690002441406::1.934556245803833::1.35283362865448::1.4110184907913208::0.1395586133003235::
1.6891118288040161::1.0482536554336548::0.6497883796691895::0.1395586133003235::0.6560515761375427::
row=31:
12.374323844909668::4.392294406890869::6.61618185043335::3.2206010818481445::5.899195671081543::
4.392294406890869::4.623373031616211::3.35448956489563::3.1017417907714844::5.069095611572266::
6.61618185043335::3.35448956489563::5.91485071182251::3.485433578491211::5.110803604125977::
3.2206010818481445::3.1017417907714844::3.485433578491211::3.740607738494873::4.838244915008545::
5.899195671081543::5.069095611572266::5.110803604125977::4.838244915008545::7.801580429077148::
row=32:
8.9088773727417::4.2930908203125::6.238101482391357::2.0462489128112793::3.8227334022521973::
4.2930908203125::3.201849937438965::2.4756879806518555::0.26346108317375183::1.718639850616455::
6.238101482391357::2.4756879806518555::5.270070552825928::1.6608283519744873::3.164417028427124::
2.0462489128112793::0.26346108317375183::1.6608283519744873::1.0008307695388794::0.7117228507995605::
3.8227334022521973::1.718639850616455::3.164417028427124::0.7117228507995605::3.5192575454711914::
row=33:
17.550439834594727::8.606529235839844::6.958540439605713::3.680117607116699::6.622183322906494::
8.606529235839844::8.428060531616211::3.378422260284424::1.6294180154800415::3.335902452468872::
6.958540439605713::3.378422260284424::4.433230876922607::1.477906584739685::3.787405014038086::
3.680117607116699::1.6294180154800415::1.477906584739685::1.9860765933990479::1.3591468334197998::
6.622183322906494::3.335902452468872::3.787405014038086::1.3591468334197998::5.262052536010742::
row=34:
7.051088809967041::5.764610767364502::2.7755260467529297::1.7649508714675903::1.5955275297164917::
5.764610767364502::5.512399196624756::1.7942092418670654::2.121905565261841::1.2595404386520386::
2.7755260467529297::1.7942092418670654::1.651916742324829::0.1575203239917755::0.7685002088546753::
1.7649508714675903::2.121905565261841::0.1575203239917755::1.373612642288208::0.6582435369491577::
1.5955275297164917::1.2595404386520386::0.7685002088546753::0.6582435369491577::0.8365204334259033::
row=35:
14.39867877960205::8.720404624938965::6.410759449005127::7.960829257965088::2.186677932739258::
8.720404624938965::7.833353519439697::3.688938856124878::5.611934661865234::1.2224851846694946::
6.410759449005127::3.688938856124878::5.960491180419922::4.021057605743408::1.8357231616973877::
7.960829257965088::5.611934661865234::4.021057605743408::9.761887550354004::1.6802141666412354::
2.186677932739258::1.2224851846694946::1.8357231616973877::1.6802141666412354::1.5810353755950928::
row=36:
3.551513671875::3.3705151081085205::1.7690740823745728::1.6163655519485474::1.745427131652832::
3.3705151081085205::3.766456127166748::1.3048642873764038::2.544464111328125::1.6601448059082031::
1.7690740823745728::1.3048642873764038::1.907280445098877::0.01258842647075653::1.487837791442871::
1.6163655519485474::2.544464111328125::0.01258842647075653::2.635155439376831::0.8253649473190308::
1.745427131652832::1.6601448059082031::1.487837791442871::0.8253649473190308::1.5479273796081543::
row=37:
13.307612419128418::6.564141750335693::7.798168182373047::3.279374837875366::4.110210418701172::
6.564141750335693::5.273758888244629::3.569357395172119::1.171210527420044::2.7013792991638184::
7.798168182373047::3.569357395172119::5.203843593597412::2.2672414779663086::3.3625969886779785::
3.279374837875366::1.171210527420044::2.2672414779663086::1.253894329071045::0.9716245532035828::
4.110210418701172::2.7013792991638184::3.3625969886779785::0.9716245532035828::5.669140815734863::
row=38:
6.725566387176514::4.498537540435791::2.485264539718628::2.1524198055267334::1.744541883468628::
4.498537540435791::4.342723846435547::1.0197206735610962::2.5668492317199707::1.1697455644607544::
2.485264539718628::1.0197206735610962::4.044771671295166::2.579312324523926::3.453831195831299::
2.1524198055267334::2.5668492317199707::2.579312324523926::3.793522357940674::3.3971900939941406::
1.744541883468628::1.1697455644607544::3.453831195831299::3.3971900939941406::5.164445400238037::
row=39:
15.533812522888184::6.629051685333252::7.477159023284912::5.841812610626221::4.145025730133057::
6.629051685333252::3.9006845951080322::2.8501272201538086::3.4811339378356934::1.2943317890167236::
7.477159023284912::2.8501272201538086::5.124184608459473::3.3570871353149414::2.3442118167877197::
5.841812610626221::3.4811339378356934::3.3570871353149414::5.174050331115723::2.0748836994171143::
4.145025730133057::1.2943317890167236::2.3442118167877197::2.0748836994171143::3.0220093727111816::
row=40:
8.068461418151855::3.762521266937256::4.689802169799805::2.3381078243255615::1.7322311401367188::
3.762521266937256::3.931769847869873::2.301567554473877::0.997185468673706::2.4038712978363037::
4.689802169799805::2.301567554473877::2.9352030754089355::1.5677298307418823::1.01084566116333::
2.3381078243255615::0.997185468673706::1.5677298307418823::1.056012749671936::0.3190806806087494::
1.7322311401367188::2.4038712978363037::1.01084566116333::0.3190806806087494::1.5954744815826416::
row=41:
14.253264427185059::6.150387287139893::4.5928778648376465::3.4813289642333984::3.2481868267059326::
6.150387287139893::3.548206329345703::2.235024929046631::1.3358720541000366::1.069557785987854::
4.5928778648376465::2.235024929046631::3.138199806213379::0.7225571274757385::2.361067295074463::
3.4813289642333984::1.3358720541000366::0.7225571274757385::2.0560405254364014::1.1471517086029053::
3.2481868267059326::1.069557785987854::2.361067295074463::1.1471517086029053::5.434798717498779::
row=42:
8.212555885314941::3.1488876342773438::4.413982391357422::2.3962290287017822::2.0649802684783936::
3.1488876342773438::1.847017765045166::1.5354268550872803::0.5373890995979309::0.463040292263031::
4.413982391357422::1.5354268550872803::4.649201393127441::2.298539876937866::2.704014778137207::
2.3962290287017822::0.5373890995979309::2.298539876937866::1.338380217552185::1.154757022857666::
2.0649802684783936::0.463040292263031::2.704014778137207::1.154757022857666::3.780092477798462::
row=43:
3.9786877632141113::1.8334752321243286::3.800961494445801::1.547318935394287::2.934593915939331::
1.8334752321243286::1.0743534564971924::1.4478166103363037::0.5162399411201477::1.3816910982131958::
3.800961494445801::1.4478166103363037::5.7401580810546875::2.231950283050537::4.72603702545166::
1.547318935394287::0.5162399411201477::2.231950283050537::1.118569254875183::1.7124924659729004::
2.934593915939331::1.3816910982131958::4.72603702545166::1.7124924659729004::5.48704195022583::
row=44:
14.569114685058594::7.10544490814209::6.404325485229492::6.598280906677246::5.3665876388549805::
7.10544490814209::6.593061447143555::2.4586896896362305::2.4129421710968018::2.9994914531707764::
6.404325485229492::2.4586896896362305::5.057638168334961::3.2154457569122314::1.5897557735443115::
6.598280906677246::2.4129421710968018::3.2154457569122314::5.558804512023926::1.9715065956115723::
5.3665876388549805::2.9994914531707764::1.5897557735443115::1.9715065956115723::3.8100228309631348::
row=45:
21.540424346923828::8.305689811706543::6.301321029663086::7.106657981872559::4.032467365264893::
8.305689811706543::5.541478157043457::3.972161293029785::2.177611827850342::2.172581911087036::
6.301321029663086::3.972161293029785::3.7115840911865234::2.878080368041992::2.5601532459259033::
7.106657981872559::2.177611827850342::2.878080368041992::7.204922676086426::2.979626178741455::
4.032467365264893::2.172581911087036::2.5601532459259033::2.979626178741455::3.256526470184326::
row=46:
18.114431381225586::8.9765043258667::7.522316932678223::5.788031101226807::2.703512668609619::
8.9765043258667::8.41496467590332::4.428462505340576::2.2906105518341064::3.763089179992676::
7.522316932678223::4.428462505340576::5.34006929397583::3.5311713218688965::2.3798747062683105::
5.788031101226807::2.2906105518341064::3.5311713218688965::4.563655376434326::2.1366095542907715::
2.703512668609619::3.763089179992676::2.3798747062683105::2.1366095542907715::3.404751777648926::
row=47:
12.964755058288574::8.93936538696289::6.671731948852539::4.187854766845703::3.1292757987976074::
8.93936538696289::8.470576286315918::4.750663757324219::2.396322727203369::2.2448525428771973::
6.671731948852539::4.750663757324219::5.131244659423828::2.1406781673431396::2.0088162422180176::
4.187854766845703::2.396322727203369::2.1406781673431396::2.3485684394836426::1.4234354496002197::
3.1292757987976074::2.2448525428771973::2.0088162422180176::1.4234354496002197::3.022399425506592::
row=48:
15.15066146850586::7.313448429107666::8.756811141967773::4.330646991729736::4.048406600952148::
7.313448429107666::4.765705585479736::3.7433066368103027::1.3004448413848877::1.787975549697876::
8.756811141967773::3.7433066368103027::6.465559005737305::4.651481628417969::3.650236129760742::
4.330646991729736::1.3004448413848877::4.651481628417969::7.511332035064697::2.372363567352295::
4.048406600952148::1.787975549697876::3.650236129760742::2.372363567352295::6.470345497131348::
row=49:
12.428329467773438::5.265504360198975::3.494957685470581::4.013691425323486::3.9052412509918213::
5.265504360198975::4.481346607208252::1.221782922744751::2.6286401748657227::1.7172799110412598::
3.494957685470581::1.221782922744751::3.001150608062744::2.1654398441314697::4.133510589599609::
4.013691425323486::2.6286401748657227::2.1654398441314697::3.466374397277832::4.349452018737793::
3.9052412509918213::1.7172799110412598::4.133510589599609::4.349452018737793::8.926487922668457::
row=50:
15.08155345916748::4.278491973876953::8.509774208068848::6.211872100830078::3.7222206592559814::
4.278491973876953::5.976950645446777::2.137622833251953::4.071796894073486::1.5899819135665894::
8.509774208068848::2.137622833251953::8.315776824951172::4.84674596786499::2.6281182765960693::
6.211872100830078::4.071796894073486::4.84674596786499::5.543301582336426::2.145336389541626::
3.7222206592559814::1.5899819135665894::2.6281182765960693::2.145336389541626::3.4884607791900635::
row=51:
16.368478775024414::6.931471824645996::6.786229133605957::8.13072681427002::2.8172714710235596::
6.931471824645996::4.49167537689209::1.8922293186187744::2.6441092491149902::0.8264468908309937::
6.786229133605957::1.8922293186187744::5.095848560333252::3.9885125160217285::3.3157994747161865::
8.13072681427002::2.6441092491149902::3.9885125160217285::10.627735137939453::1.7895110845565796::
2.8172714710235596::0.8264468908309937::3.3157994747161865::1.7895110845565796::6.280433654785156::
row=52:
8.90674877166748::5.4632487297058105::4.287085056304932::3.463290214538574::2.406383991241455::
5.4632487297058105::4.458065986633301::2.37026047706604::2.4837756156921387::2.35684871673584::
4.287085056304932::2.37026047706604::3.1379308700561523::1.873249888420105::0.6883474588394165::
3.463290214538574::2.4837756156921387::1.873249888420105::2.0880484580993652::0.9966915249824524::
2.406383991241455::2.35684871673584::0.6883474588394165::0.9966915249824524::1.7243913412094116::
row=53:
9.16795539855957::4.042808532714844::2.272674560546875::3.0729949474334717::2.0982184410095215::
4.042808532714844::2.4995265007019043::0.7600603699684143::1.9783151149749756::0.8089368343353271::
2.272674560546875::0.7600603699684143::0.6602610349655151::0.4541008174419403::0.5259827375411987::
3.0729949474334717::1.9783151149749756::0.4541008174419403::2.1979751586914062::0.8282887935638428::
2.0982184410095215::0.8089368343353271::0.5259827375411987::0.8282887935638428::0.7711718678474426::
row=54:
12.337345123291016::4.143064975738525::5.784068584442139::6.152490139007568::2.853538990020752::
4.143064975738525::5.632223129272461::1.9356478452682495::3.4740753173828125::3.981093645095825::
5.784068584442139::1.9356478452682495::5.278526782989502::4.997236728668213::3.1839144229888916::
6.152490139007568::3.4740753173828125::4.997236728668213::10.686041831970215::4.4986677169799805::
2.853538990020752::3.981093645095825::3.1839144229888916::4.4986677169799805::5.989198684692383::
row=55:
8.735550880432129::2.939484119415283::4.209596157073975::2.3561649322509766::3.592172622680664::
2.939484119415283::1.622982144355774::1.3453471660614014::0.6181397438049316::0.774978518486023::
4.209596157073975::1.3453471660614014::3.826298713684082::1.5736826658248901::2.533419132232666::
2.3561649322509766::0.6181397438049316::1.5736826658248901::1.2963311672210693::0.9409860968589783::
3.592172622680664::0.774978518486023::2.533419132232666::0.9409860968589783::2.3079488277435303::
row=56:
10.02968692779541::4.979783058166504::6.802299976348877::3.567432165145874::2.5331709384918213::
4.979783058166504::2.90423846244812::3.335193157196045::1.640255331993103::1.0326688289642334::
6.802299976348877::3.335193157196045::5.8383002281188965::3.3670647144317627::2.147218704223633::
3.567432165145874::1.640255331993103::3.3670647144317627::2.0787830352783203::1.1838234663009644::
2.5331709384918213::1.0326688289642334::2.147218704223633::1.1838234663009644::1.4546101093292236::
row=57:
11.288507461547852::4.710160255432129::4.848087310791016::7.183924198150635::3.4674320220947266::
4.710160255432129::6.704928398132324::1.688539981842041::6.804914474487305::3.3213229179382324::
4.848087310791016::1.688539981842041::3.2447457313537598::2.3953423500061035::1.5749726295471191::
7.183924198150635::6.804914474487305::2.3953423500061035::9.135509490966797::3.2674169540405273::
3.4674320220947266::3.3213229179382324::1.5749726295471191::3.2674169540405273::3.0684595108032227::
row=58:
10.603363990783691::4.231821537017822::6.043914318084717::3.41074275970459::3.1875903606414795::
4.231821537017822::4.540637969970703::2.6439075469970703::1.8830660581588745::3.4581942558288574::
6.043914318084717::2.6439075469970703::4.219668388366699::2.4905858039855957::2.4006354808807373::
3.41074275970459::1.8830660581588745::2.4905858039855957::2.019644021987915::2.152813673019409::
3.1875903606414795::3.4581942558288574::2.4006354808807373::2.152813673019409::4.212316513061523::
row=59:
14.170289039611816::8.046284675598145::5.448086738586426::6.093332767486572::4.900501728057861::
8.046284675598145::7.168696880340576::3.8840835094451904::2.784801483154297::2.651014804840088::
5.448086738586426::3.8840835094451904::4.468564987182617::2.0577914714813232::2.3441078662872314::
6.093332767486572::2.784801483154297::2.0577914714813232::6.076956748962402::2.0260307788848877::
4.900501728057861::2.651014804840088::2.3441078662872314::2.0260307788848877::3.4356682300567627::
row=60:
9.060349464416504::3.953120231628418::4.034121513366699::4.138552665710449::3.380199432373047::
3.953120231628418::3.4462265968322754::2.613987445831299::3.3066928386688232::2.5996952056884766::
4.034121513366699::2.613987445831299::4.9079132080078125::2.729081630706787::3.5597386360168457::
4.138552665710449::3.3066928386688232::2.729081630706787::3.8279786109924316::2.7427914142608643::
3.380199432373047::2.5996952056884766::3.5597386360168457::2.7427914142608643::4.340404510498047::
row=61:
11.749436378479004::6.172221660614014::7.235312461853027::1.3783658742904663::3.587975263595581::
6.172221660614014::4.263078689575195::4.614736557006836::1.036515235900879::1.4884071350097656::
7.235312461853027::4.614736557006836::5.959918022155762::1.6327924728393555::3.800565719604492::
1.3783658742904663::1.036515235900879::1.6327924728393555::0.7843740582466125::1.2332181930541992::
3.587975263595581::1.4884071350097656::3.800565719604492::1.2332181930541992::7.454709053039551::
row=62:
12.043476104736328::4.651505470275879::4.843298435211182::5.838648796081543::4.210898399353027::
4.651505470275879::4.207118511199951::2.0644335746765137::2.8048830032348633::2.0333759784698486::
4.843298435211182::2.0644335746765137::4.893567085266113::3.070347547531128::4.764604091644287::
5.838648796081543::2.8048830032348633::3.070347547531128::4.8134002685546875::4.966346263885498::
4.210898399353027::2.0333759784698486::4.764604091644287::4.966346263885498::10.287012100219727::
row=63:
9.128409385681152::7.052195072174072::2.4368462562561035::1.563423752784729::1.2466745376586914::
7.052195072174072::6.000586986541748::1.5371707677841187::1.4157829284667969::1.1556947231292725::
2.4368462562561035::1.5371707677841187::1.568986177444458::0.6215639710426331::0.9231043457984924::
1.563423752784729::1.4157829284667969::0.6215639710426331::0.8631246089935303::0.6527523398399353::
1.2466745376586914::1.1556947231292725::0.9231043457984924::0.6527523398399353::1.1926534175872803::
row=64:
13.403167724609375::3.9904935359954834::8.95389175415039::8.470202445983887::3.055189609527588::
3.9904935359954834::2.224679708480835::2.0401010513305664::2.321364164352417::1.0545434951782227::
8.95389175415039::2.0401010513305664::9.420783996582031::6.248617172241211::3.8322665691375732::
8.470202445983887::2.321364164352417::6.248617172241211::7.728480815887451::3.320728302001953::
3.055189609527588::1.0545434951782227::3.8322665691375732::3.320728302001953::5.406857013702393::
row=65:
10.138078689575195::4.8512678146362305::5.599285125732422::3.4830479621887207::4.185868740081787::
4.8512678146362305::4.334834098815918::2.143489122390747::1.9528157711029053::1.6075830459594727::
5.599285125732422::2.143489122390747::5.94028377532959::3.019094228744507::2.734591007232666::
3.4830479621887207::1.9528157711029053::3.019094228744507::3.061372756958008::2.5474488735198975::
4.185868740081787::1.6075830459594727::2.734591007232666::2.5474488735198975::4.9839019775390625::
row=66:
7.820551872253418::5.702932357788086::5.469712257385254::2.169278621673584::2.97521710395813::
5.702932357788086::4.43666410446167::3.8988373279571533::1.2718255519866943::1.6729528903961182::
5.469712257385254::3.8988373279571533::5.019571781158447::1.136719822883606::3.4766149520874023::
2.169278621673584::1.2718255519866943::1.136719822883606::3.0189759731292725::3.011817216873169::
2.97521710395813::1.6729528903961182::3.4766149520874023::3.011817216873169::6.600712299346924::
row=67:
15.037312507629395::9.32217788696289::7.5816168785095215::4.038549423217773::3.121443748474121::
9.32217788696289::7.058505058288574::4.509891510009766::1.4909839630126953::1.6247421503067017::
7.5816168785095215::4.509891510009766::4.67948055267334::2.5722780227661133::1.5660240650177002::
4.038549423217773::1.4909839630126953::2.5722780227661133::3.463453769683838::2.319438934326172::
3.121443748474121::1.6247421503067017::1.5660240650177002::2.319438934326172::2.942518472671509::
row=68:
15.758543014526367::5.816769123077393::8.774715423583984::3.37556791305542::3.7949275970458984::
5.816769123077393::2.7164077758789062::3.1186962127685547::0.9701378345489502::1.0544487237930298::
8.774715423583984::3.1186962127685547::5.690877914428711::2.4599509239196777::2.3104264736175537::
3.37556791305542::0.9701378345489502::2.4599509239196777::1.3786540031433105::0.952475905418396::
3.7949275970458984::1.0544487237930298::2.3104264736175537::0.952475905418396::2.0836915969848633::
row=69:
5.907995223999023::4.6633100509643555::2.8867106437683105::1.8840278387069702::1.6830228567123413::
4.6633100509643555::6.252047538757324::1.9065037965774536::2.8781590461730957::2.1066055297851562::
2.8867106437683105::1.9065037965774536::1.8343740701675415::0.7164533138275146::1.629160761833191::
1.8840278387069702::2.8781590461730957::0.7164533138275146::1.4510166645050049::0.9555356502532959::
1.6830228567123413::2.1066055297851562::1.629160761833191::0.9555356502532959::4.208658218383789::
row=70:
10.753308296203613::2.9186923503875732::4.650609016418457::5.367138862609863::3.1016287803649902::
2.9186923503875732::1.8237476348876953::0.8112939596176147::1.5900156497955322::0.9006714820861816::
4.650609016418457::0.8112939596176147::3.2226483821868896::2.3434154987335205::2.3763198852539062::
5.367138862609863::1.5900156497955322::2.3434154987335205::4.6981587409973145::3.005488395690918::
3.1016287803649902::0.9006714820861816::2.3763198852539062::3.005488395690918::3.9346532821655273::
row=71:
11.068936347961426::5.325961589813232::8.19204330444336::5.067024230957031::4.35154914855957::
5.325961589813232::3.2335684299468994::3.6353392601013184::2.612004518508911::1.6231311559677124::
8.19204330444336::3.6353392601013184::8.067723274230957::5.822513103485107::6.159610271453857::
5.067024230957031::2.612004518508911::5.822513103485107::5.605142116546631::5.268446922302246::
4.35154914855957::1.6231311559677124::6.159610271453857::5.268446922302246::7.434548377990723::
row=72:
7.808590412139893::4.92130184173584::4.1114983558654785::1.7763186693191528::4.077284812927246::
4.92130184173584::3.354172945022583::2.552400588989258::1.0129014253616333::2.7938413619995117::
4.1114983558654785::2.552400588989258::3.790874481201172::2.2807350158691406::5.396081924438477::
1.7763186693191528::1.0129014253616333::2.2807350158691406::1.905967354774475::3.2308266162872314::
4.077284812927246::2.7938413619995117::5.396081924438477::3.2308266162872314::10.003202438354492::
row=73:
9.340527534484863::6.104465484619141::4.333363056182861::3.987481117248535::4.719104290008545::
6.104465484619141::6.769220352172852::1.5265650749206543::4.676440238952637::3.8964791297912598::
4.333363056182861::1.5265650749206543::4.141806125640869::2.1558709144592285::4.037477016448975::
3.987481117248535::4.676440238952637::2.1558709144592285::6.437875747680664::3.421842575073242::
4.719104290008545::3.8964791297912598::4.037477016448975::3.421842575073242::8.924765586853027::
row=74:
9.161039352416992::6.504482269287109::4.757965087890625::2.5569920539855957::3.406161069869995::
6.504482269287109::7.038053035736084::3.6495933532714844::0.9902698397636414::2.3547022342681885::
4.757965087890625::3.6495933532714844::3.0573010444641113::1.8697257041931152::2.4883062839508057::
2.5569920539855957::0.9902698397636414::1.8697257041931152::2.6948564052581787::2.969515562057495::
3.406161069869995::2.3547022342681885::2.4883062839508057::2.969515562057495::4.782090663909912::
row=75:
9.443696975708008::4.463694095611572::7.320864677429199::5.66187047958374::2.941781759262085::
4.463694095611572::4.087042331695557::3.0911543369293213::3.6690549850463867::2.3725032806396484::
7.320864677429199::3.0911543369293213::9.510220527648926::6.975593566894531::5.567259788513184::
5.66187047958374::3.6690549850463867::6.975593566894531::11.373019218444824::3.77266263961792::
2.941781759262085::2.3725032806396484::5.567259788513184::3.77266263961792::6.552224636077881::
row=76:
8.736311912536621::5.726222038269043::4.351235389709473::1.2063870429992676::2.572216272354126::
5.726222038269043::5.413400650024414::2.7951784133911133::0.4908078610897064::2.445329189300537::
4.351235389709473::2.7951784133911133::2.9895453453063965::1.1637879610061646::1.7485636472702026::
1.2063870429992676::0.4908078610897064::1.1637879610061646::0.6108143329620361::0.6039360761642456::
2.572216272354126::2.445329189300537::1.7485636472702026::0.6039360761642456::1.8735153675079346::
row=77:
9.39487361907959::7.750617027282715::4.8694562911987305::6.159092426300049::2.702605962753296::
7.750617027282715::9.059110641479492::3.9673819541931152::5.334322452545166::2.3520121574401855::
4.8694562911987305::3.9673819541931152::7.519083023071289::6.165926456451416::4.809135437011719::
6.159092426300049::5.334322452545166::6.165926456451416::7.9505510330200195::5.223323345184326::
2.702605962753296::2.3520121574401855::4.809135437011719::5.223323345184326::7.780045509338379::
row=78:
9.449357032775879::6.586687088012695::2.822303533554077::2.7493367195129395::3.061716318130493::
6.586687088012695::6.202956199645996::1.2162268161773682::1.8255159854888916::2.366011381149292::
2.822303533554077::1.2162268161773682::2.271125316619873::0.6832728981971741::1.521709680557251::
2.7493367195129395::1.8255159854888916::0.6832728981971741::1.0027104616165161::0.4361514449119568::
3.061716318130493::2.366011381149292::1.521709680557251::0.4361514449119568::2.908543348312378::
row=79:
10.257948875427246::4.543846130371094::5.463846206665039::6.723670482635498::2.343137502670288::
4.543846130371094::5.930819511413574::2.8221309185028076::4.850514888763428::2.2026844024658203::
5.463846206665039::2.8221309185028076::7.095250606536865::5.548760890960693::4.3562331199646::
6.723670482635498::4.850514888763428::5.548760890960693::8.95549488067627::4.48822021484375::
2.343137502670288::2.2026844024658203::4.3562331199646::4.48822021484375::6.577251434326172::
row=80:
4.864845275878906::3.245800256729126::2.766819477081299::1.2990813255310059::4.268685817718506::
3.245800256729126::2.744994878768921::1.0896846055984497::0.8764942288398743::2.647995948791504::
2.766819477081299::1.0896846055984497::4.529559135437012::0.7904288172721863::5.026312828063965::
1.2990813255310059::0.8764942288398743::0.7904288172721863::1.562461018562317::1.7279269695281982::
4.268685817718506::2.647995948791504::5.026312828063965::1.7279269695281982::7.047743797302246::
row=81:
8.740507125854492::3.2435576915740967::3.5950570106506348::2.974546194076538::2.452540397644043::
