row=1:
0.560170590877533#0.8261240720748901#0.6947428584098816#0.6949968934059143#0.09235714375972748#0.5248689651489258#1.0371348857879639#0.16715450584888458#0.7337357997894287#0.19068314135074615#0.4007463753223419#0.4864547848701477#0.5147829651832581#1.0145848989486694#0.13148008286952972#0.31773045659065247#0.2939365804195404#0.514663577079773#0.4220460057258606#0.5931290984153748#
0.8261240720748901#3.2275400161743164#2.331258535385132#1.8435397148132324#1.3163434267044067#1.4995392560958862#1.92442786693573#0.678844153881073#2.2218124866485596#0.5613658428192139#0.5374886989593506#2.022019386291504#1.7034410238265991#1.3007937669754028#0.3416648805141449#1.2957885265350342#0.9219660758972168#1.4436208009719849#0.7562562823295593#0.8839588165283203#
0.6947428584098816#2.331258535385132#4.332210540771484#1.6210441589355469#2.104504108428955#0.9957159757614136#1.7032220363616943#1.138476014137268#1.2735768556594849#1.2485991716384888#1.2938443422317505#2.2728404998779297#1.9565153121948242#2.4973535537719727#2.1948933601379395#1.2440650463104248#2.5050437450408936#2.195957660675049#1.3657103776931763#0.9003005027770996#
0.6949968934059143#1.8435397148132324#1.6210441589355469#2.1284477710723877#0.31749656796455383#0.5237961411476135#1.8154886960983276#0.5593692064285278#1.6235185861587524#0.6569182276725769#0.33986034989356995#0.7084783911705017#1.0624736547470093#0.9847828149795532#0.11021403223276138#0.9480721950531006#0.2666926085948944#1.3637666702270508#0.4432547092437744#0.8354550004005432#
0.09235714375972748#1.3163434267044067#2.104504108428955#0.31749656796455383#2.215085029602051#0.7409355640411377#0.08959151059389114#0.27182328701019287#0.5722695589065552#0.06593559682369232#0.9099090099334717#1.8714625835418701#0.579127848148346#1.6216230392456055#1.4188120365142822#0.35695886611938477#1.3769268989562988#0.9198827743530273#0.014291027560830116#0.0#
0.5248689651489258#1.4995392560958862#0.9957159757614136#0.5237961411476135#0.7409355640411377#1.0830308198928833#0.8267902135848999#0.20245620608329773#1.2394417524337769#0.06288672983646393#0.45748698711395264#1.2873330116271973#0.7473288774490356#0.9304574728012085#0.3319728374481201#0.2637212872505188#0.7576545476913452#0.8913680911064148#0.7001323699951172#0.3393332362174988#
1.0371348857879639#1.92442786693573#1.7032220363616943#1.8154886960983276#0.08959151059389114#0.8267902135848999#2.6071178913116455#0.477190762758255#1.9182171821594238#0.6638358235359192#0.5373480319976807#0.5656377673149109#1.1009106636047363#1.551315426826477#0.14091740548610687#1.1254198551177979#0.7127925157546997#0.7936055660247803#1.204742193222046#1.255201816558838#
0.16715450584888458#0.678844153881073#1.138476014137268#0.5593692064285278#0.27182328701019287#0.20245620608329773#0.477190762758255#0.4393964409828186#0.35428377985954285#0.5272024869918823#0.1500566303730011#0.4796803891658783#0.7637558579444885#0.30023959279060364#0.4089343547821045#0.4002678394317627#0.6185499429702759#0.6632960438728333#0.5301476716995239#0.2575518786907196#
0.7337357997894287#2.2218124866485596#1.2735768556594849#1.6235185861587524#0.5722695589065552#1.2394417524337769#1.9182171821594238#0.35428377985954285#2.9851205348968506#0.3768001198768616#0.22091002762317657#1.0352637767791748#1.0316038131713867#0.6033099889755249#0.025300346314907074#0.5038368701934814#1.2664438486099243#1.3234930038452148#1.9165570735931396#0.37407511472702026#
0.19068314135074615#0.5613658428192139#1.2485991716384888#0.6569182276725769#0.06593559682369232#0.06288672983646393#0.6638358235359192#0.5272024869918823#0.3768001198768616#0.719115138053894#0.10098065435886383#0.24238702654838562#0.8807680606842041#0.26897957921028137#0.4077547788619995#0.46806570887565613#0.7635499835014343#0.5946880578994751#0.8154290318489075#0.3410152792930603#
0.4007463753223419#0.5374886989593506#1.2938443422317505#0.33986034989356995#0.9099090099334717#0.45748698711395264#0.5373480319976807#0.1500566303730011#0.22091002762317657#0.10098065435886383#0.8245131373405457#0.9393790364265442#0.34093177318573#1.672031044960022#0.9241057634353638#0.16046778857707977#0.7538005113601685#0.6835240721702576#0.11060252785682678#0.412056028842926#
0.4864547848701477#2.022019386291504#2.2728404998779297#0.7084783911705017#1.8714625835418701#1.2873330116271973#0.5656377673149109#0.4796803891658783#1.0352637767791748#0.24238702654838562#0.9393790364265442#2.3152260780334473#1.1922484636306763#1.7398275136947632#1.2080367803573608#0.44659578800201416#1.344967246055603#1.593608021736145#0.38607242703437805#0.33522969484329224#
0.5147829651832581#1.7034410238265991#1.9565153121948242#1.0624736547470093#0.579127848148346#0.7473288774490356#1.1009106636047363#0.7637558579444885#1.0316038131713867#0.8807680606842041#0.34093177318573#1.1922484636306763#1.684357762336731#0.88279789686203#0.49766385555267334#0.7410901784896851#1.1935077905654907#1.0575573444366455#1.1287384033203125#0.6264139413833618#
1.0145848989486694#1.3007937669754028#2.4973535537719727#0.9847828149795532#1.6216230392456055#0.9304574728012085#1.551315426826477#0.30023959279060364#0.6033099889755249#0.26897957921028137#1.672031044960022#1.7398275136947632#0.88279789686203#3.707268476486206#1.5243008136749268#0.5377687215805054#1.315556526184082#1.012078046798706#0.1837393194437027#1.1701703071594238#
0.13148008286952972#0.3416648805141449#2.1948933601379395#0.11021403223276138#1.4188120365142822#0.3319728374481201#0.14091740548610687#0.4089343547821045#0.025300346314907074#0.4077547788619995#0.9241057634353638#1.2080367803573608#0.49766385555267334#1.5243008136749268#1.739046573638916#0.11264418810606003#1.6268543004989624#1.1875097751617432#0.5951683521270752#0.08965808153152466#
0.31773045659065247#1.2957885265350342#1.2440650463104248#0.9480721950531006#0.35695886611938477#0.2637212872505188#1.1254198551177979#0.4002678394317627#0.5038368701934814#0.46806570887565613#0.16046778857707977#0.44659578800201416#0.7410901784896851#0.5377687215805054#0.11264418810606003#1.0417802333831787#0.11702148616313934#0.17393164336681366#0.0#0.6817891597747803#
0.2939365804195404#0.9219660758972168#2.5050437450408936#0.2666926085948944#1.3769268989562988#0.7576545476913452#0.7127925157546997#0.6185499429702759#1.2664438486099243#0.7635499835014343#0.7538005113601685#1.344967246055603#1.1935077905654907#1.315556526184082#1.6268543004989624#0.11702148616313934#2.723684310913086#1.2384676933288574#2.2493765354156494#0.04434644803404808#
0.514663577079773#1.4436208009719849#2.195957660675049#1.3637666702270508#0.9198827743530273#0.8913680911064148#0.7936055660247803#0.6632960438728333#1.3234930038452148#0.5946880578994751#0.6835240721702576#1.593608021736145#1.0575573444366455#1.012078046798706#1.1875097751617432#0.17393164336681366#1.2384676933288574#2.6535916328430176#0.9602100253105164#0.2230207473039627#
0.4220460057258606#0.7562562823295593#1.3657103776931763#0.4432547092437744#0.014291027560830116#0.7001323699951172#1.204742193222046#0.5301476716995239#1.9165570735931396#0.8154290318489075#0.11060252785682678#0.38607242703437805#1.1287384033203125#0.1837393194437027#0.5951683521270752#0.0#2.2493765354156494#0.9602100253105164#3.0021653175354004#0.07868269085884094#
0.5931290984153748#0.8839588165283203#0.9003005027770996#0.8354550004005432#0.0#0.3393332362174988#1.255201816558838#0.2575518786907196#0.37407511472702026#0.3410152792930603#0.412056028842926#0.33522969484329224#0.6264139413833618#1.1701703071594238#0.08965808153152466#0.6817891597747803#0.04434644803404808#0.2230207473039627#0.07868269085884094#0.8824800252914429#
row=2:
5.639857769012451#1.3952003717422485#3.097759246826172#2.431767702102661#3.169015407562256#1.1711918115615845#1.3380367755889893#4.133299350738525#1.8533515930175781#1.377583384513855#2.5705971717834473#2.054875135421753#1.57649564743042#2.2008864879608154#0.7344545125961304#2.12040114402771#0.6612845659255981#2.373920440673828#2.919501543045044#1.5068933963775635#
1.3952003717422485#1.3724761009216309#0.6993341445922852#1.1540911197662354#0.6967080235481262#1.326531171798706#0.45568785071372986#0.8419774174690247#1.768880844116211#0.009965569712221622#0.2538227438926697#0.9861053228378296#0.1094023585319519#0.5317427515983582#0.06559062749147415#0.15852823853492737#0.4928012788295746#0.9018629789352417#1.0624992847442627#0.7231905460357666#
3.097759246826172#0.6993341445922852#3.4707083702087402#0.48814624547958374#1.5523221492767334#0.46602529287338257#0.3830040991306305#1.6949907541275024#0.7130045890808105#1.3109581470489502#1.3786840438842773#0.8936090469360352#1.051337480545044#1.8388800621032715#1.2205328941345215#0.9230299592018127#1.3380950689315796#1.0726542472839355#3.1469485759735107#0.6675553917884827#
2.431767702102661#1.1540911197662354#0.48814624547958374#2.9599967002868652#1.0822677612304688#1.091586947441101#0.9121686220169067#2.8352038860321045#1.8955601453781128#1.3367506265640259#1.4664428234100342#2.3927838802337646#0.8014252781867981#0.704559862613678#0.16770455241203308#1.8229819536209106#0.9264072179794312#1.686496615409851#0.8068217635154724#0.8088119626045227#
3.169015407562256#0.6967080235481262#1.5523221492767334#1.0822677612304688#4.890032768249512#0.16747266054153442#0.8278144001960754#1.73267662525177#0.29413917660713196#0.5180997848510742#1.4722214937210083#1.8698590993881226#0.9262808561325073#0.3335056006908417#0.3121969997882843#1.0643224716186523#0.5491851568222046#1.0517640113830566#3.903897523880005#1.8784818649291992#
1.1711918115615845#1.326531171798706#0.46602529287338257#1.091586947441101#0.16747266054153442#2.5648579597473145#0.26178377866744995#0.5279732942581177#3.131911516189575#0.0427434928715229#0.576592206954956#1.4032288789749146#0.03501344472169876#0.6022357940673828#0.028702890500426292#0.13957153260707855#0.3632080554962158#0.6918908953666687#0.5633217096328735#0.5652874708175659#
1.3380367755889893#0.45568785071372986#0.3830040991306305#0.9121686220169067#0.8278144001960754#0.26178377866744995#0.962579071521759#1.857959270477295#0.43776193261146545#0.0#1.1701581478118896#1.7496386766433716#1.0341625213623047#0.5147162079811096#0.2588130831718445#0.2684284448623657#0.41339749097824097#1.2943830490112305#0.6963523626327515#0.4729238450527191#
4.133299350738525#0.8419774174690247#1.6949907541275024#2.8352038860321045#1.73267662525177#0.5279732942581177#1.857959270477295#5.424203872680664#1.1815078258514404#1.2675951719284058#2.564877986907959#2.907606601715088#2.795339584350586#1.4228527545928955#0.6928943395614624#1.6067421436309814#1.1113653182983398#3.319427490234375#1.5796451568603516#1.0484344959259033#
1.8533515930175781#1.768880844116211#0.7130045890808105#1.8955601453781128#0.29413917660713196#3.131911516189575#0.43776193261146545#1.1815078258514404#4.081858158111572#0.41125398874282837#0.8842684626579285#2.0647356510162354#0.12135781347751617#1.100518822669983#0.06170295178890228#0.592016875743866#0.5340833067893982#0.9614516496658325#0.616589367389679#0.983992874622345#
1.377583384513855#0.009965569712221622#1.3109581470489502#1.3367506265640259#0.5180997848510742#0.0427434928715229#0.0#1.2675951719284058#0.41125398874282837#1.956497073173523#0.9540201425552368#0.7673779726028442#0.5587237477302551#0.6126559376716614#0.5723642110824585#1.8323023319244385#1.0956302881240845#0.41900667548179626#0.9502641558647156#0.12257010489702225#
2.5705971717834473#0.2538227438926697#1.3786840438842773#1.4664428234100342#1.4722214937210083#0.576592206954956#1.1701581478118896#2.564877986907959#0.8842684626579285#0.9540201425552368#2.8831465244293213#3.4898929595947266#1.2313218116760254#1.4968622922897339#0.8997465372085571#1.3684618473052979#0.924079954624176#1.4061870574951172#1.6934423446655273#0.45364686846733093#
2.054875135421753#0.9861053228378296#0.8936090469360352#2.3927838802337646#1.8698590993881226#1.4032288789749146#1.7496386766433716#2.907606601715088#2.0647356510162354#0.7673779726028442#3.4898929595947266#6.248549461364746#1.4473694562911987#1.5563234090805054#1.1326524019241333#1.000992774963379#1.882847547531128#1.9415309429168701#2.650738477706909#1.0665693283081055#
1.57649564743042#0.1094023585319519#1.051337480545044#0.8014252781867981#0.9262808561325073#0.03501344472169876#1.0341625213623047#2.795339584350586#0.12135781347751617#0.5587237477302551#1.2313218116760254#1.4473694562911987#2.18202543258667#0.34079667925834656#0.5696979761123657#0.3446877598762512#0.9873743653297424#1.9418962001800537#1.2032121419906616#0.42892026901245117#
2.2008864879608154#0.5317427515983582#1.8388800621032715#0.704559862613678#0.3335056006908417#0.6022357940673828#0.5147162079811096#1.4228527545928955#1.100518822669983#0.6126559376716614#1.4968622922897339#1.5563234090805054#0.34079667925834656#2.0919551849365234#0.7046807408332825#0.7210672497749329#0.3294559717178345#0.49713513255119324#0.9111074805259705#0.5860072374343872#
0.7344545125961304#0.06559062749147415#1.2205328941345215#0.16770455241203308#0.3121969997882843#0.028702890500426292#0.2588130831718445#0.6928943395614624#0.06170295178890228#0.5723642110824585#0.8997465372085571#1.1326524019241333#0.5696979761123657#0.7046807408332825#0.709518551826477#0.2557979226112366#0.8852344155311584#0.4897319972515106#1.3529165983200073#0.03196107596158981#
2.12040114402771#0.15852823853492737#0.9230299592018127#1.8229819536209106#1.0643224716186523#0.13957153260707855#0.2684284448623657#1.6067421436309814#0.592016875743866#1.8323023319244385#1.3684618473052979#1.000992774963379#0.3446877598762512#0.7210672497749329#0.2557979226112366#2.389968156814575#0.5292239785194397#0.4570772349834442#0.4338715076446533#0.3126620650291443#
0.6612845659255981#0.4928012788295746#1.3380950689315796#0.9264072179794312#0.5491851568222046#0.3632080554962158#0.41339749097824097#1.1113653182983398#0.5340833067893982#1.0956302881240845#0.924079954624176#1.882847547531128#0.9873743653297424#0.3294559717178345#0.8852344155311584#0.5292239785194397#1.8439040184020996#1.0655725002288818#2.13002872467041#0.1581152230501175#
2.373920440673828#0.9018629789352417#1.0726542472839355#1.686496615409851#1.0517640113830566#0.6918908953666687#1.2943830490112305#3.319427490234375#0.9614516496658325#0.41900667548179626#1.4061870574951172#1.9415309429168701#1.9418962001800537#0.49713513255119324#0.4897319972515106#0.4570772349834442#1.0655725002288818#2.547557830810547#1.5374226570129395#0.5269303321838379#
2.919501543045044#1.0624992847442627#3.1469485759735107#0.8068217635154724#3.903897523880005#0.5633217096328735#0.6963523626327515#1.5796451568603516#0.616589367389679#0.9502641558647156#1.6934423446655273#2.650738477706909#1.2032121419906616#0.9111074805259705#1.3529165983200073#0.4338715076446533#2.13002872467041#1.5374226570129395#5.755755424499512#1.3337534666061401#
1.5068933963775635#0.7231905460357666#0.6675553917884827#0.8088119626045227#1.8784818649291992#0.5652874708175659#0.4729238450527191#1.0484344959259033#0.983992874622345#0.12257010489702225#0.45364686846733093#1.0665693283081055#0.42892026901245117#0.5860072374343872#0.03196107596158981#0.3126620650291443#0.1581152230501175#0.5269303321838379#1.3337534666061401#1.3139418363571167#
row=3:
1.110771656036377#1.4718127250671387#1.2088452577590942#1.0595645904541016#0.962813138961792#0.991518497467041#0.6037452220916748#0.5012262463569641#0.3599258363246918#0.3646405339241028#0.2911299467086792#0.9623846411705017#0.3815562427043915#0.9032096862792969#0.5651668310165405#0.5747205018997192#0.15848098695278168#0.31739315390586853#0.47842466831207275#0.6493531465530396#
1.4718127250671387#2.924748420715332#1.9556912183761597#2.030534029006958#1.4991284608840942#1.8057844638824463#0.9243370890617371#1.2603917121887207#1.4541338682174683#0.7383430600166321#0.5949056148529053#2.5871288776397705#0.867219865322113#0.8559656143188477#0.8274043202400208#0.6856170892715454#0.6759340763092041#1.0351698398590088#0.41169536113739014#0.4319327771663666#
1.2088452577590942#1.9556912183761597#1.7245664596557617#1.4871867895126343#1.1098721027374268#1.5343313217163086#0.9134740829467773#0.9332832098007202#0.7142966389656067#0.7500442862510681#0.21190659701824188#0.9264176487922668#0.8396357297897339#0.9689632058143616#0.8349112272262573#0.75506591796875#0.1632082611322403#0.7385004758834839#0.5039398074150085#0.5583879947662354#
1.0595645904541016#2.030534029006958#1.4871867895126343#2.0853095054626465#1.1328930854797363#0.7740557193756104#0.7555817365646362#0.5306984186172485#1.1579012870788574#0.41194117069244385#0.3122331500053406#1.4167217016220093#0.6100786924362183#0.742594301700592#0.3583691716194153#0.6113595962524414#0.14295834302902222#1.3370245695114136#0.39556410908699036#0.5976624488830566#
0.962813138961792#1.4991284608840942#1.1098721027374268#1.1328930854797363#0.9160733819007874#0.8656604290008545#0.5044185519218445#0.44387662410736084#0.5211432576179504#0.34068429470062256#0.3267182409763336#1.0604628324508667#0.3886590898036957#0.6500834822654724#0.4649580419063568#0.4438612759113312#0.16408675909042358#0.4705663323402405#0.33044758439064026#0.42948222160339355#
0.991518497467041#1.8057844638824463#1.5343313217163086#0.7740557193756104#0.8656604290008545#1.9741473197937012#0.8180609941482544#1.3386571407318115#0.6270691156387329#0.8918755054473877#0.20306648313999176#1.1175178289413452#0.8987457156181335#0.7279483675956726#1.0126577615737915#0.6048673391342163#0.4725497364997864#0.22495897114276886#0.35048070549964905#0.18351680040359497#
0.6037452220916748#0.9243370890617371#0.9134740829467773#0.7555817365646362#0.5044185519218445#0.8180609941482544#0.5686980485916138#0.5873507261276245#0.37827059626579285#0.4053958058357239#0.014744553714990616#0.42085254192352295#0.4583532512187958#0.6316978931427002#0.4378868341445923#0.4825606942176819#0.11825726181268692#0.4057018756866455#0.3478022515773773#0.4318889081478119#
0.5012262463569641#1.2603917121887207#0.9332832098007202#0.5306984186172485#0.44387662410736084#1.3386571407318115#0.5873507261276245#1.173109531402588#0.7592138051986694#0.575384259223938#0.10651348531246185#1.2919012308120728#0.609369158744812#0.41692882776260376#0.5840212106704712#0.38862037658691406#0.6133127212524414#0.27976611256599426#0.20706869661808014#0.10419860482215881#
0.3599258363246918#1.4541338682174683#0.7142966389656067#1.1579012870788574#0.5211432576179504#0.6270691156387329#0.37827059626579285#0.7592138051986694#1.2520105838775635#0.2633112668991089#0.27641186118125916#1.8749278783798218#0.406633198261261#0.07364897429943085#0.12776988744735718#0.1786414086818695#0.5979610085487366#0.8909231424331665#0.020549001172184944#0.0#
0.3646405339241028#0.7383430600166321#0.7500442862510681#0.41194117069244385#0.34068429470062256#0.8918755054473877#0.4053958058357239#0.575384259223938#0.2633112668991089#0.4949135184288025#0.0#0.09776412695646286#0.5260549187660217#0.26704564690589905#0.48293614387512207#0.28406596183776855#0.056542448699474335#0.23973348736763#0.12433116883039474#0.0#
0.2911299467086792#0.5949056148529053#0.21190659701824188#0.3122331500053406#0.3267182409763336#0.20306648313999176#0.014744553714990616#0.10651348531246185#0.27641186118125916#0.0#0.25613391399383545#0.8315322399139404#0.0#0.0392460860311985#0.06376679986715317#0.0#0.21039853990077972#0.07248505204916#0.0#0.0#
0.9623846411705017#2.5871288776397705#0.9264176487922668#1.4167217016220093#1.0604628324508667#1.1175178289413452#0.42085254192352295#1.2919012308120728#1.8749278783798218#0.09776412695646286#0.8315322399139404#4.415959358215332#0.17482802271842957#0.36166974902153015#0.20475319027900696#0.22084081172943115#1.5141026973724365#0.6589205265045166#0.15568238496780396#0.2644213140010834#
0.3815562427043915#0.867219865322113#0.8396357297897339#0.6100786924362183#0.3886590898036957#0.8987457156181335#0.4583532512187958#0.609369158744812#0.406633198261261#0.5260549187660217#0.0#0.17482802271842957#0.5891793370246887#0.26960092782974243#0.4730328321456909#0.3134847581386566#0.055202826857566833#0.4238758683204651#0.12662789225578308#0.008904068730771542#
0.9032096862792969#0.8559656143188477#0.9689632058143616#0.742594301700592#0.6500834822654724#0.7279483675956726#0.6316978931427002#0.41692882776260376#0.07364897429943085#0.26704564690589905#0.0392460860311985#0.36166974902153015#0.26960092782974243#1.055275321006775#0.4572351276874542#0.6521994471549988#0.04976562783122063#0.17677101492881775#0.5987520217895508#0.8888826966285706#
0.5651668310165405#0.8274043202400208#0.8349112272262573#0.3583691716194153#0.4649580419063568#1.0126577615737915#0.4378868341445923#0.5840212106704712#0.12776988744735718#0.48293614387512207#0.06376679986715317#0.20475319027900696#0.4730328321456909#0.4572351276874542#0.5737521052360535#0.35540539026260376#0.0871567502617836#0.04833824560046196#0.227023184299469#0.15397068858146667#
0.5747205018997192#0.6856170892715454#0.75506591796875#0.6113595962524414#0.4438612759113312#0.6048673391342163#0.4825606942176819#0.38862037658691406#0.1786414086818695#0.28406596183776855#0.0#0.22084081172943115#0.3134847581386566#0.6521994471549988#0.35540539026260376#0.45086345076560974#0.03139086440205574#0.2674594521522522#0.3664598762989044#0.5051825642585754#
0.15848098695278168#0.6759340763092041#0.1632082611322403#0.14295834302902222#0.16408675909042358#0.4725497364997864#0.11825726181268692#0.6133127212524414#0.5979610085487366#0.056542448699474335#0.21039853990077972#1.5141026973724365#0.055202826857566833#0.04976562783122063#0.0871567502617836#0.03139086440205574#0.6521850824356079#0.028576236218214035#0.015966325998306274#0.0#
0.31739315390586853#1.0351698398590088#0.7385004758834839#1.3370245695114136#0.4705663323402405#0.22495897114276886#0.4057018756866455#0.27976611256599426#0.8909231424331665#0.23973348736763#0.07248505204916#0.6589205265045166#0.4238758683204651#0.17677101492881775#0.04833824560046196#0.2674594521522522#0.028576236218214035#1.1054465770721436#0.09712857753038406#0.16496963798999786#
0.47842466831207275#0.41169536113739014#0.5039398074150085#0.39556410908699036#0.33044758439064026#0.35048070549964905#0.3478022515773773#0.20706869661808014#0.020549001172184944#0.12433116883039474#0.0#0.15568238496780396#0.12662789225578308#0.5987520217895508#0.227023184299469#0.3664598762989044#0.015966325998306274#0.09712857753038406#0.3439939320087433#0.5246317982673645#
0.6493531465530396#0.4319327771663666#0.5583879947662354#0.5976624488830566#0.42948222160339355#0.18351680040359497#0.4318889081478119#0.10419860482215881#0.0#0.0#0.0#0.2644213140010834#0.008904068730771542#0.8888826966285706#0.15397068858146667#0.5051825642585754#0.0#0.16496963798999786#0.5246317982673645#0.8910695314407349#
row=4:
2.5203335285186768#2.3445119857788086#2.247269868850708#1.5219755172729492#1.606993317604065#1.5184552669525146#1.0495514869689941#1.9966340065002441#0.1681206375360489#1.5108642578125#0.5211612582206726#0.9412001371383667#0.6104506254196167#1.3127115964889526#0.7674862742424011#2.710677146911621#0.8724896907806396#0.4837845265865326#0.15807531774044037#1.5089912414550781#
2.3445119857788086#2.997004508972168#2.4406933784484863#0.8253970742225647#1.7108397483825684#1.881894826889038#0.9543492197990417#2.273113250732422#0.0#1.2192844152450562#0.24652788043022156#0.6874064803123474#0.7492820620536804#1.3069448471069336#0.833685040473938#1.7164686918258667#1.152995228767395#0.6952617168426514#0.14781439304351807#2.2347254753112793#
2.247269868850708#2.4406933784484863#2.5529861450195312#0.6744997501373291#1.1702194213867188#1.7813444137573242#1.3116341829299927#1.3532581329345703#0.0#0.6917781829833984#0.16990837454795837#0.6894603967666626#0.501025378704071#1.17791748046875#0.9442632794380188#1.983979344367981#0.7632416486740112#0.40179792046546936#0.22084283828735352#1.360784888267517#
1.5219755172729492#0.8253970742225647#0.6744997501373291#2.1349503993988037#1.2413051128387451#0.30908602476119995#0.2726050317287445#1.5268747806549072#0.31743085384368896#1.7136116027832031#0.7686362862586975#0.6547763347625732#0.082179494202137#0.6740667819976807#0.04281289502978325#2.378980875015259#0.7096508741378784#0.47565820813179016#0.006003897171467543#0.8936116695404053#
1.606993317604065#1.7108397483825684#1.1702194213867188#1.2413051128387451#1.4278156757354736#0.8387646675109863#0.31980252265930176#1.932815432548523#0.12392599880695343#1.3753128051757812#0.4322148561477661#0.548118531703949#0.5315887928009033#0.9719798564910889#0.2940621078014374#1.5768446922302246#0.7522510886192322#0.5272524356842041#0.021319812163710594#1.5083961486816406#
1.5184552669525146#1.881894826889038#1.7813444137573242#0.30908602476119995#0.8387646675109863#1.4170199632644653#0.8466731905937195#1.0711774826049805#0.0#0.5945901274681091#0.10130671411752701#0.5270003080368042#0.3719981014728546#0.6250245571136475#0.7126368880271912#1.168519139289856#0.7638959288597107#0.3306916356086731#0.15846844017505646#1.192474365234375#
1.0495514869689941#0.9543492197990417#1.3116341829299927#0.2726050317287445#0.31980252265930176#0.8466731905937195#0.8152753114700317#0.2287551313638687#0.0#0.0976136326789856#0.050476159900426865#0.3272833824157715#0.09359950572252274#0.4825223684310913#0.5114632248878479#1.0795137882232666#0.2451586276292801#0.08836128562688828#0.14425243437290192#0.3028779923915863#
1.9966340065002441#2.273113250732422#1.3532581329345703#1.5268747806549072#1.932815432548523#1.0711774826049805#0.2287551313638687#2.7241358757019043#0.16713155806064606#1.9355664253234863#0.5654345750808716#0.7369129657745361#0.8014549612998962#1.196821928024292#0.3462168574333191#1.848495364189148#1.0415540933609009#0.6959323883056641#0.0#2.112832546234131#
0.1681206375360489#0.0#0.0#0.31743085384368896#0.12392599880695343#0.0#0.0#0.16713155806064606#0.07205335050821304#0.30123481154441833#0.13752146065235138#0.14297083020210266#0.0#0.0#0.0#0.37501510977745056#0.09172026067972183#0.019114596769213676#0.0#0.026793664321303368#
1.5108642578125#1.2192844152450562#0.6917781829833984#1.7136116027832031#1.3753128051757812#0.5945901274681091#0.0976136326789856#1.9355664253234863#0.30123481154441833#1.9286160469055176#0.7016690969467163#0.8044779300689697#0.39467599987983704#0.5538795590400696#0.18090859055519104#2.0071988105773926#0.8958789110183716#0.4493156671524048#0.0#1.2569315433502197#
0.5211612582206726#0.24652788043022156#0.16990837454795837#0.7686362862586975#0.4322148561477661#0.10130671411752701#0.050476159900426865#0.5654345750808716#0.13752146065235138#0.7016690969467163#0.3021804392337799#0.29208946228027344#0.04628939926624298#0.16188012063503265#0.019126540049910545#0.8730428218841553#0.2754152715206146#0.1392216980457306#0.0#0.2892304062843323#
0.9412001371383667#0.6874064803123474#0.6894603967666626#0.6547763347625732#0.548118531703949#0.5270003080368042#0.3272833824157715#0.7369129657745361#0.14297083020210266#0.8044779300689697#0.29208946228027344#0.5472161173820496#0.26430612802505493#0.31273505091667175#0.3168686628341675#1.2389428615570068#0.3239630460739136#0.05711679905653#0.06302414834499359#0.3636396825313568#
0.6104506254196167#0.7492820620536804#0.501025378704071#0.082179494202137#0.5315887928009033#0.3719981014728546#0.09359950572252274#0.8014549612998962#0.0#0.39467599987983704#0.04628939926624298#0.26430612802505493#0.502367377281189#0.5303763151168823#0.2163005769252777#0.4192526340484619#0.03232589364051819#0.028683118522167206#0.008038638159632683#0.45688343048095703#
1.3127115964889526#1.3069448471069336#1.17791748046875#0.6740667819976807#0.9719798564910889#0.6250245571136475#0.4825223684310913#1.196821928024292#0.0#0.5538795590400696#0.16188012063503265#0.31273505091667175#0.5303763151168823#1.1310760974884033#0.3165104389190674#1.2094242572784424#0.12595783174037933#0.24723315238952637#0.042369645088911057#0.8092670440673828#
0.7674862742424011#0.833685040473938#0.9442632794380188#0.04281289502978325#0.2940621078014374#0.7126368880271912#0.5114632248878479#0.3462168574333191#0.0#0.18090859055519104#0.019126540049910545#0.3168686628341675#0.2163005769252777#0.3165104389190674#0.4264426827430725#0.6680633425712585#0.22748775780200958#0.03567667677998543#0.10030640661716461#0.33868375420570374#
2.710677146911621#1.7164686918258667#1.983979344367981#2.378980875015259#1.5768446922302246#1.168519139289856#1.0795137882232666#1.848495364189148#0.37501510977745056#2.0071988105773926#0.8730428218841553#1.2389428615570068#0.4192526340484619#1.2094242572784424#0.6680633425712585#3.7695388793945312#0.7676049470901489#0.346560537815094#0.1602073311805725#0.9292341470718384#
0.8724896907806396#1.152995228767395#0.7632416486740112#0.7096508741378784#0.7522510886192322#0.7638959288597107#0.2451586276292801#1.0415540933609009#0.09172026067972183#0.8958789110183716#0.2754152715206146#0.3239630460739136#0.03232589364051819#0.12595783174037933#0.22748775780200958#0.7676049470901489#0.9396451711654663#0.480557382106781#0.0464257188141346#1.2005409002304077#
0.4837845265865326#0.6952617168426514#0.40179792046546936#0.47565820813179016#0.5272524356842041#0.3306916356086731#0.08836128562688828#0.6959323883056641#0.019114596769213676#0.4493156671524048#0.1392216980457306#0.05711679905653#0.028683118522167206#0.24723315238952637#0.03567667677998543#0.346560537815094#0.480557382106781#0.35545071959495544#0.0#0.7962599396705627#
0.15807531774044037#0.14781439304351807#0.22084283828735352#0.006003897171467543#0.021319812163710594#0.15846844017505646#0.14425243437290192#0.0#0.0#0.0#0.0#0.06302414834499359#0.008038638159632683#0.042369645088911057#0.10030640661716461#0.1602073311805725#0.0464257188141346#0.0#0.02880040556192398#0.027791136875748634#
1.5089912414550781#2.2347254753112793#1.360784888267517#0.8936116695404053#1.5083961486816406#1.192474365234375#0.3028779923915863#2.112832546234131#0.026793664321303368#1.2569315433502197#0.2892304062843323#0.3636396825313568#0.45688343048095703#0.8092670440673828#0.33868375420570374#0.9292341470718384#1.2005409002304077#0.7962599396705627#0.027791136875748634#2.1872358322143555#
row=5:
2.8271853923797607#0.6965039968490601#2.072845458984375#0.6442661285400391#0.7599779367446899#1.2211521863937378#1.1740398406982422#0.7898315191268921#1.5435981750488281#1.3595441579818726#1.1862620115280151#0.9146189093589783#0.467395544052124#0.998716413974762#0.6245806813240051#0.4327522814273834#0.1929488331079483#1.1545826196670532#1.7642226219177246#1.5529029369354248#
0.6965039968490601#4.09788703918457#1.7122175693511963#2.003190279006958#2.455064296722412#1.7541050910949707#1.2889366149902344#0.7269445657730103#1.7993382215499878#2.685938835144043#1.7685495615005493#3.5927834510803223#1.5745530128479004#0.1833934485912323#1.5366666316986084#0.897506833076477#0.9595099091529846#1.3107260465621948#1.0366616249084473#0.7079135179519653#
2.072845458984375#1.7122175693511963#3.3195841312408447#1.04213547706604#2.060288429260254#1.533974289894104#1.485974669456482#1.003757119178772#1.7271552085876465#1.635663628578186#1.539222240447998#2.1261510848999023#0.8594288229942322#1.6389062404632568#1.7270196676254272#0.9245631694793701#1.3478275537490845#1.5125516653060913#1.8883877992630005#0.9081816673278809#
0.6442661285400391#2.003190279006958#1.04213547706604#1.997496247291565#1.167080044746399#0.8435121178627014#0.7976169586181641#0.48782724142074585#1.4579418897628784#1.728354573249817#1.1546604633331299#1.9723297357559204#0.8903377652168274#0.2625272572040558#0.6649559736251831#0.32410359382629395#0.3270663619041443#1.3845257759094238#0.7646147012710571#0.5305681824684143#
0.7599779367446899#2.455064296722412#2.060288429260254#1.167080044746399#3.064892053604126#1.0396976470947266#0.9087722301483154#0.29450827836990356#1.2305113077163696#1.4158291816711426#2.4581522941589355#3.7550792694091797#1.0891410112380981#1.7826142311096191#1.8108065128326416#0.35877349972724915#1.6521729230880737#0.936106264591217#1.0826115608215332#0.8266186118125916#
1.2211521863937378#1.7541050910949707#1.533974289894104#0.8435121178627014#1.0396976470947266#1.5943467617034912#0.5266137719154358#0.7780300378799438#1.1642553806304932#1.8382277488708496#0.636970043182373#1.4333020448684692#0.7206552028656006#0.38391080498695374#0.7121008634567261#0.7794263362884521#0.46314969658851624#0.25834304094314575#1.195488452911377#0.5286523699760437#
1.1740398406982422#1.2889366149902344#1.485974669456482#0.7976169586181641#0.9087722301483154#0.5266137719154358#1.8476605415344238#0.41636016964912415#0.9537816643714905#1.3536815643310547#1.6508818864822388#1.8364652395248413#0.5996002554893494#0.12266338616609573#1.2781994342803955#0.39273250102996826#0.6430935263633728#1.7541176080703735#1.5637199878692627#0.788169264793396#
0.7898315191268921#0.7269445657730103#1.003757119178772#0.48782724142074585#0.29450827836990356#0.7780300378799438#0.41636016964912415#0.5436104536056519#0.6203633546829224#0.9327906370162964#0.10849712789058685#0.3556671142578125#0.19483855366706848#0.21129411458969116#0.4934762120246887#0.48058488965034485#0.22327618300914764#0.2909376621246338#0.7078763842582703#0.2101510465145111#
1.5435981750488281#1.7993382215499878#1.7271552085876465#1.4579418897628784#1.2305113077163696#1.1642553806304932#0.9537816643714905#0.6203633546829224#1.83708655834198#1.301520586013794#1.0288056135177612#1.6924415826797485#1.1324846744537354#0.4561220705509186#0.2953908443450928#0.5029064416885376#0.23256590962409973#1.584964394569397#1.027868390083313#0.9599878191947937#
1.3595441579818726#2.685938835144043#1.635663628578186#1.728354573249817#1.4158291816711426#1.8382277488708496#1.3536815643310547#0.9327906370162964#1.301520586013794#3.7687480449676514#1.7274677753448486#2.1213624477386475#0.8115605115890503#0.23991802334785461#1.8703927993774414#0.8194288015365601#0.6726269125938416#0.7348757982254028#1.716002106666565#0.8435941338539124#
1.1862620115280151#1.7685495615005493#1.539222240447998#1.1546604633331299#2.4581522941589355#0.636970043182373#1.6508818864822388#0.10849712789058685#1.0288056135177612#1.7274677753448486#3.395598888397217#4.228337287902832#0.835722804069519#1.3690249919891357#1.9103021621704102#0.005753103643655777#1.4619414806365967#1.4370627403259277#2.0433545112609863#1.2831997871398926#
0.9146189093589783#3.5927834510803223#2.1261510848999023#1.9723297357559204#3.7550792694091797#1.4333020448684692#1.8364652395248413#0.3556671142578125#1.6924415826797485#2.1213624477386475#4.228337287902832#7.219198226928711#1.5323123931884766#1.5695173740386963#2.357978343963623#0.44943612813949585#2.3277411460876465#1.6239023208618164#2.9315948486328125#1.1359108686447144#
0.467395544052124#1.5745530128479004#0.8594288229942322#0.8903377652168274#1.0891410112380981#0.7206552028656006#0.5996002554893494#0.19483855366706848#1.1324846744537354#0.8115605115890503#0.835722804069519#1.5323123931884766#1.070683479309082#0.0#0.07597801089286804#0.3076658248901367#0.2017492800951004#1.0574320554733276#0.40154969692230225#0.4958995580673218#
0.998716413974762#0.1833934485912323#1.6389062404632568#0.2625272572040558#1.7826142311096191#0.38391080498695374#0.12266338616609573#0.21129411458969116#0.4561220705509186#0.23991802334785461#1.3690249919891357#1.5695173740386963#0.0#2.220459461212158#1.2568047046661377#0.0#1.2223318815231323#0.05353807285428047#0.757522702217102#0.6037224531173706#
0.6245806813240051#1.5366666316986084#1.7270196676254272#0.6649559736251831#1.8108065128326416#0.7121008634567261#1.2781994342803955#0.4934762120246887#0.2953908443450928#1.8703927993774414#1.9103021621704102#2.357978343963623#0.07597801089286804#1.2568047046661377#2.541869878768921#0.46303531527519226#1.5767005681991577#0.47033458948135376#1.4412713050842285#0.36884716153144836#
0.4327522814273834#0.897506833076477#0.9245631694793701#0.32410359382629395#0.35877349972724915#0.7794263362884521#0.39273250102996826#0.48058488965034485#0.5029064416885376#0.8194288015365601#0.005753103643655777#0.44943612813949585#0.3076658248901367#0.0#0.46303531527519226#0.5578988790512085#0.29302218556404114#0.21339654922485352#0.5708467960357666#0.004990649409592152#
0.1929488331079483#0.9595099091529846#1.3478275537490845#0.3270663619041443#1.6521729230880737#0.46314969658851624#0.6430935263633728#0.22327618300914764#0.23256590962409973#0.6726269125938416#1.4619414806365967#2.3277411460876465#0.2017492800951004#1.2223318815231323#1.5767005681991577#0.29302218556404114#1.4043099880218506#0.2456699013710022#1.0706393718719482#0.1098794937133789#
1.1545826196670532#1.3107260465621948#1.5125516653060913#1.3845257759094238#0.936106264591217#0.25834304094314575#1.7541176080703735#0.2909376621246338#1.584964394569397#0.7348757982254028#1.4370627403259277#1.6239023208618164#1.0574320554733276#0.05353807285428047#0.47033458948135376#0.21339654922485352#0.2456699013710022#2.645519733428955#1.0038089752197266#0.9007812142372131#
1.7642226219177246#1.0366616249084473#1.8883877992630005#0.7646147012710571#1.0826115608215332#1.195488452911377#1.5637199878692627#0.7078763842582703#1.027868390083313#1.716002106666565#2.0433545112609863#2.9315948486328125#0.40154969692230225#0.757522702217102#1.4412713050842285#0.5708467960357666#1.0706393718719482#1.0038089752197266#2.7728452682495117#0.8812099099159241#
1.5529029369354248#0.7079135179519653#0.9081816673278809#0.5305681824684143#0.8266186118125916#0.5286523699760437#0.788169264793396#0.2101510465145111#0.9599878191947937#0.8435941338539124#1.2831997871398926#1.1359108686447144#0.4958995580673218#0.6037224531173706#0.36884716153144836#0.004990649409592152#0.1098794937133789#0.9007812142372131#0.8812099099159241#1.1869399547576904#
row=6:
2.8375022411346436#1.9690396785736084#2.3676133155822754#3.358721971511841#1.6608351469039917#1.6074999570846558#1.1783583164215088#3.6763827800750732#1.3388172388076782#0.657001793384552#1.3623361587524414#1.9703959226608276#0.9327272176742554#0.9706578850746155#1.531651258468628#0.9388963580131531#1.4920893907546997#1.4122555255889893#1.4098232984542847#1.199583649635315#
1.9690396785736084#4.674208164215088#1.6210920810699463#4.5169782638549805#1.7222455739974976#2.739337205886841#1.083174467086792#2.5328962802886963#2.3565611839294434#1.102931261062622#1.3050986528396606#2.2118160724639893#0.02923954650759697#1.1043145656585693#0.5406374931335449#0.5342769622802734#2.3844854831695557#0.8210657238960266#1.3257622718811035#3.2980501651763916#
2.3676133155822754#1.6210920810699463#3.8907244205474854#3.9367446899414062#1.8387718200683594#0.6089966893196106#0.8997889757156372#3.0217885971069336#1.3559505939483643#1.2879382371902466#1.0381669998168945#1.2174240350723267#0.7270240783691406#1.1428022384643555#1.2101969718933105#1.8343907594680786#0.5940043926239014#0.6306687593460083#0.8772432208061218#1.1678963899612427#
3.358721971511841#4.5169782638549805#3.9367446899414062#8.494190216064453#2.0241057872772217#2.592691421508789#1.9833343029022217#6.022776126861572#3.4516303539276123#2.2605693340301514#2.175293207168579#2.896446943283081#0.9479777812957764#1.6508815288543701#1.2327919006347656#1.5429484844207764#1.8686861991882324#1.3537710905075073#2.829456329345703#3.446099281311035#
1.6608351469039917#1.7222455739974976#1.8387718200683594#2.0241057872772217#1.945152997970581#1.089359164237976#0.49935686588287354#1.7894865274429321#0.732807993888855#0.4887388348579407#1.1785848140716553#1.2623132467269897#0.7148357033729553#0.3976971507072449#0.41287386417388916#1.1736750602722168#1.242620587348938#0.7710298895835876#0.2686178386211395#1.2270721197128296#
1.6074999570846558#2.739337205886841#0.6089966893196106#2.592691421508789#1.089359164237976#3.575270175933838#0.8204178810119629#2.1312496662139893#1.3924481868743896#0.6591547131538391#0.8054383993148804#1.8541179895401#0.0#0.7011885046958923#1.3737457990646362#0.14549791812896729#3.428884983062744#0.39467185735702515#1.2019485235214233#2.252321243286133#
